[collision]
12,28,45,28
15,14,16,15
16,14,17,15
17,15,18,16
17,16,18,17
17,17,18,18
16,18,17,19
14,18,15,19
15,16,16,17
12,16,13,17

[walls]
img1,0,11,0
img1,14,18,0.000
img1,12,16,0.000
img1,15,16,0.000
img1,16,18,0.000
img1,17,17,0.000
img1,17,16,0.000
img1,16,14,0.000
img1,17,15,0.000
img1,15,14,0.000

[tiles]
grass,8,12,0.000
grass,8,16,0.000
grass,12,16,0.000
grass,12,12,0.000
grass,16,12,0.000
grass,16,16,0.000

[color]
cavegraydark,2f302f
cavegray,7f7f7f
red,ff0000
black,000000

[checkpoint]
start,18,26

[resetbox]
#start,75,62,102,65